strict `add.title` <1,2,3,4,5,6,7,8>;
strict `adjust.venn` <1,2>;
strict `calculate.overlap` <1>;
strict `decide.special.case` <1>;
strict `draw.pairwise.venn` <1,2,3,4,5,6,7,9,10,11,12,13,14,15,16,17,18,19,20,21,22,23,24,25,26,27,28,29,31,32,33,34,35,37,39>;
strict `draw.quad.venn` <1,2,3,4,5,6,7,8,9,10,11,12,13,14,15,16,17,18,19,20,21,22,23,24,25,26,27,28,29,30,31,32,33,34,35,36,37,39>;
strict `draw.quintuple.venn` <1,2,3,4,5,6,7,8,9,10,11,12,13,14,15,16,17,18,19,20,21,22,23,24,25,26,27,28,29,30,31,32,33,34,35,36,37,38,39,40,41,42,43,44,45,46,47,48,49,50,51,52,53,55>;
strict `draw.single.venn` <1,2,3,4,5,6,7,8,9,10,11,12,13,14,15,16,17,18,19,20,21,22,23>;
strict `draw.sp.case` <1,2,3,4,6,7,8,9,10,12,13,14,15,16,17,18,19,20,21,22,23,24,25,26,27,29,30,31>;
strict `draw.sp.case.preprocess` <2,3,4,5,6,7,8,9,10,11,12,13,14,15,16,17,18,19,20,21,22,23,24,25,27,28,32>;
strict `draw.sp.case.scaled` <2,3,4,5,6,7,8,9,11,12,13,14,15,16,17,18,19,20,21,22,23,24,25,27,28,29,32>;
strict `draw.triple.venn` <1,2,3,4,5,6,7,8,11,12,13,14,15,16,17,18,19,20,21,22,23,24,25,26,27,28,29,31,32,33,35,37,39>;
strict `ell2poly` <1,2,3,4,5,6>;
strict `ellipse` <1,2,3,4,5,6>;
strict `find.cat.pos` <1,2,3,4,5>;
strict `find.dist` <1,2,3,4>;
strict `find.intersect` <1,2,3>;
strict `get.venn.partitions` <1,2,3>;
strict `make.truth.table` <1>;
strict `rotate` <1,2,3,4,5,6,7,8,9,10,11,12,13,14,15,16,17>;
strict `rotate.sp` <1,3,4>;
strict `rotate.venn.degrees` <1,2,3,4>;
strict `venn.diagram` <1,2,9,10,11,24,25,26,28,30,31>;